[0;37;5;47;107m  X[0;1;30;90;47mt[0;1;36;96;47m88[0;1;34;94;47m@[0;1;36;96;47m@8[0;1;34;94;47m@[0;1;36;96;47m@[0;1;34;94;47m@[0;1;36;96;47m@[0;1;34;94;47m@[0;1;36;96;47m@[0;1;34;94;47m@[0;1;36;96;47m@[0;1;34;94;47m@[0;1;36;96;47m@[0;1;34;94;47m8[0;1;36;96;47mX[0;1;34;94;47m8XX[0;1;36;96;47mS[0;1;35;95;47mX[0;1;37;97;47m [0;37;5;47;107m8S           [0m
[0;37;5;47;107m  X[0;1;31;91;43m8[0;1;30;90;47m.[0;37;5;44;104m8[0;1;36;96;47m8[0;37;5;44;104m88[0;1;36;96;47m8[0;37;5;44;104m8[0;1;34;94;47m8[0;37;5;44;104m8[0;1;36;96;47m8[0;37;5;44;104m88[0;1;34;94;47m@[0;37;5;44;104m88[0;1;34;94;47mX[0;37;5;44;104m8[0;1;34;94;47m@[0;37;5;44;104m8[0;1;34;94;47m@[0;37;5;44;104m8[0;1;36;96;5;44;104m8[0;37;5;44;104m88[0;1;34;94;47mS[0;1;37;97;47m  [0;37;5;47;107m8.   . . [0m
[0;37;5;47;107m  %[0;1;31;91;5;43;103m8[0;1;33;93;5;41;101m8[0;37;43m8[0;35;47m8[0;1;36;96;47m8[0;37;5;44;104m88[0;37;5;46;106m8[0;37;5;44;104m8[0;1;36;96;47m@[0;1;35;95;5;44;104mX[0;37;5;46;106m8[0;37;5;44;104m8[0;1;36;96;47m@[0;37;5;44;104m8[0;1;36;96;47mX[0;1;35;95;5;44;104m@[0;37;5;46;106m8[0;1;35;95;5;44;104m8[0;37;5;46;106m8[0;1;35;95;5;44;104m8[0;1;36;96;47mX[0;1;35;95;5;44;104m8[0;1;36;96;47mS[0;1;35;95;5;44;104m8[0;1;36;96;5;44;104m8[0;1;35;95;5;44;104m8[0;37;5;44;104m88[0;1;37;97;47m [0;37;5;47;107m8S     [0m
[0;37;5;47;107m .X[0;1;31;91;5;43;103m888[0;33;5;41;101m [0;1;30;90;47mS[0;36;47m8[0;37;5;44;104m8[0;1;34;94;47mX[0;1;36;96;5;44;104m8[0;1;35;95;47mS[0;1;36;96;5;44;104m8[0;1;35;95;47m@[0;1;36;96;5;44;104m8[0;1;34;94;5;45;105m8[0;37;5;46;106m8[0;1;35;95;5;44;104m@[0;37;5;46;106m8[0;1;35;95;5;44;104m8[0;1;36;96;47m8[0;1;35;95;5;44;104m8[0;1;36;96;47m8[0;1;35;95;5;44;104m@[0;1;36;96;47m8[0;1;35;95;5;44;104m@[0;1;36;96;47mX[0;1;34;94;5;45;105m8[0;1;36;96;47m@[0;1;35;95;5;44;104m8[0;1;34;94;47mX[0;1;35;95;5;44;104mX[0;37;5;44;104m8[0;1;37;97;47m [0;37;5;47;107m:  . [0m
[0;37;5;47;107m  @[0;1;31;91;5;43;103m8[0;1;33;93;5;41;101m8[0;33;5;43;103m  [0;33;5;41;101m:[0;1;30;90;47m:[0;36;47m@[0;37;5;44;104m8[0;1;36;96;47mS[0;1;36;96;5;44;104m@[0;1;35;95;47mX[0;1;36;96;5;44;104m8[0;1;37;97;47m [0;1;36;96;5;44;104m8[0;37;5;45;105m8[0;1;36;96;5;44;104m8[0;1;35;95;47m8[0;1;36;96;5;44;104m8[0;1;34;94;47m8[0;37;5;44;104m888888[0;1;34;94;47mX[0;1;35;95;5;44;104m@[0;1;36;96;47m@[0;1;35;95;5;44;104m@[0;1;34;94;47m@[0;1;35;95;5;44;104m8[0;37;5;44;104m8[0;37;5;47;107m8@   [0m
[0;37;5;47;107m  @[0;1;31;91;5;43;103m8[0;33;5;41;101m [0;1;31;91;5;43;103m8[0;37;5;41;101m8[0;37;5;43;103mS[0;33;5;41;101m [0;1;33;93;47m8[0;35;47m@[0;1;34;94;47m8[0;37;5;44;104m88[0;1;34;94;47mX[0;37;5;44;104m8[0;1;34;94;47mX[0;1;36;96;5;44;104m8[0;1;35;95;47m@[0;1;36;96;5;44;104m@[0;1;35;95;47m8[0;37;5;44;104m8[0;1;34;94;47mX[0;37;5;44;104m8[0;1;35;95;47mX[0;37;5;44;104m8[0;1;35;95;47m@[0;1;36;96;5;44;104mX[0;37;5;45;105m8[0;1;36;96;5;44;104m@[0;1;34;94;5;45;105m8[0;1;36;96;47m8[0;1;35;95;5;44;104m8[0;1;36;96;47m@[0;1;35;95;5;44;104m8X[0;1;37;97;47m [0;37;5;47;107mt  [0m
[0;37;5;47;107m  @[0;1;31;91;5;43;103m8[0;33;5;43;103m [0;33;5;41;101m [0;37;5;43;103mS[0;1;33;93;5;41;101m8[0;37;5;43;103mX[0;1;33;93;5;41;101m8[0;1;31;91;5;43;103m8[0;1;30;90;47m88[0;37;5;44;104m8[0;1;34;94;47m@[0;1;36;96;5;44;104m8[0;37;5;45;105m8[0;1;36;96;5;44;104m8[0;1;34;94;47m8[0;37;5;44;104m8888888[0;1;35;95;5;44;104m8[0;1;36;96;47mX[0;1;35;95;5;44;104mX[0;1;34;94;47mX[0;37;5;44;104m8[0;1;35;95;5;44;104m8[0;37;5;44;104m8[0;1;35;95;5;44;104m8[0;1;34;94;47mX[0;1;35;95;5;44;104m@[0;37;5;44;104m8[0;37;5;47;107m@ .[0m
[0;37;5;47;107m .X[0;1;33;93;5;41;101m8[0;33;5;41;101m [0;33;5;43;103m [0;33;5;41;101m [0;37;5;43;103m@[0;1;33;93;5;41;101m@[0;37;5;43;103m8[0;1;33;93;5;41;101m@[0;1;31;91;5;43;103m8[0;1;30;90;47m8[0;35;47m@[0;1;34;94;47m8@[0;37;5;44;104m8[0;1;35;95;47mX[0;1;36;96;5;44;104m@[0;37;5;45;105m8[0;1;36;96;5;44;104m8[0;37;5;45;105m8[0;1;36;96;5;44;104m8[0;37;5;45;105m8[0;1;36;96;5;44;104m8[0;37;5;45;105m8[0;1;36;96;5;44;104m8[0;1;34;94;5;45;105m8[0;1;34;94;47m8[0;1;35;95;5;44;104m8[0;1;34;94;47mX[0;37;5;44;104m8[0;37;5;45;105m8[0;1;36;96;5;44;104m@[0;1;34;94;5;45;105m8[0;1;34;94;47mX[0;1;35;95;5;44;104m8[0;37;5;47;107m8S [0m
[0;37;5;47;107m  @[0;1;31;91;5;43;103m8[0;33;5;43;103m [0;33;5;41;101m.[0;37;5;43;103mS[0;33;5;41;101m [0;37;5;43;103m@[0;1;33;93;5;41;101mX[0;37;5;43;103m8[0;1;33;93;5;41;101m@[0;1;31;91;5;43;103m8[0;1;33;93;47m8[0;35;47m88[0;37;5;44;104m88[0;1;34;94;47m@[0;37;5;44;104m8[0;1;34;94;47mX[0;37;5;44;104m8[0;37;5;45;105m8[0;1;36;96;5;44;104m8[0;37;5;45;105m8[0;1;36;96;5;44;104m@[0;37;5;45;105m8[0;1;36;96;5;44;104m8[0;37;5;45;105m8[0;1;36;96;5;44;104m8[0;1;34;94;5;45;105m8[0;37;5;44;104m88[0;37;5;45;105m8[0;1;36;96;5;44;104mX[0;1;34;94;5;45;105m8[0;37;5;44;104m8[0;37;5;45;105m8[0;37;5;47;107m..[0m
[0;37;5;47;107m  @[0;1;33;93;5;41;101m8[0;33;5;41;101m [0;33;5;43;103m.[0;33;5;41;101m [0;37;5;43;103mX[0;1;33;93;5;41;101m@8[0;37;5;41;101m8[0;37;5;43;103m8[0;1;33;93;5;41;101mX8[0;1;31;91;5;43;103m8[0;1;31;91;47m@[0;1;30;90;47m%[0;35;5;44;104m [0;1;35;95;47mS[0;37;5;44;104m8[0;1;35;95;5;44;104m8[0;1;34;94;5;46;106m8[0;1;35;95;5;44;104m8[0;1;34;94;47mX[0;1;35;95;5;44;104m@[0;37;5;44;104m88[0;1;35;95;5;44;104m8[0;37;5;44;104m8[0;1;35;95;47m8[0;37;5;44;104m8[0;1;35;95;5;44;104m8[0;37;5;44;104m8[0;1;35;95;5;44;104m8[0;1;35;95;47m@[0;37;5;44;104m8[0;1;35;95;5;44;104m8[0;1;36;96;47mX[0;37;5;47;107m%.[0m
[0;37;5;47;107m  @[0;1;31;91;5;43;103m8[0;33;5;43;103m [0;31;5;41;101m.[0;33;5;43;103m [0;31;5;41;101m [0;37;5;43;103m8[0;1;33;93;5;41;101m8[0;1;31;91;5;43;103m8[0;1;33;93;5;41;101m8[0;1;33;93;47m@[0;1;33;93;5;41;101m@[0;1;33;93;47m8[0;1;33;93;5;41;101m@[0;1;31;91;47m8[0;1;30;90;47m@[0;35;47m8[0;37;5;44;104m8[0;1;34;94;47mX[0;37;5;45;105m8[0;1;36;96;5;44;104m8[0;37;5;45;105m8[0;1;36;96;5;44;104m8[0;37;5;45;105m8[0;37;5;44;104m8[0;1;34;94;47mX[0;1;35;95;5;44;104m@[0;37;5;44;104m88[0;37;5;45;105m8[0;37;5;44;104m88[0;1;35;95;5;44;104m@[0;37;5;44;104m8[0;1;35;95;5;44;104m8[0;1;37;97;47m.[0;37;5;47;107m. [0m
[0;37;5;47;107m  8[0;33;5;41;101m [0;1;31;91;5;43;103m8[0;33;5;41;101m:[0;33;47m8[0;1;33;93;5;41;101m88[0;1;33;93;47m8[0;37;5;41;101m8[0;1;31;91;5;43;103m8[0;37;5;41;101m8[0;1;33;93;5;41;101m88[0;1;33;93;47m8[0;1;33;93;5;41;101m@8[0;1;30;90;47m8[0;35;47m8[0;37;5;44;104m8888[0;1;35;95;5;44;104m8[0;37;5;44;104m8[0;1;35;95;5;44;104m8[0;1;34;94;47mX[0;1;35;95;5;44;104m8[0;1;34;94;47mX[0;1;35;95;5;44;104m8[0;37;5;44;104m8[0;1;35;95;5;44;104m8[0;1;34;94;47m8[0;1;34;94;5;45;105m8[0;37;5;44;104m8[0;37;5;45;105m8[0;37;5;47;107m8; [0m
[0;37;5;47;107m  t[0;33;5;43;103m [0;33;5;41;101m [0;33;5;43;103m [0;33;5;41;101m [0;1;31;91;5;43;103m8[0;33;5;41;101m [0;37;5;43;103m@[0;1;33;93;5;41;101m8[0;37;5;43;103m8[0;1;33;93;5;41;101m@[0;1;33;93;47mX[0;1;33;93;5;41;101mX@[0;1;31;91;47m@[0;1;31;91;5;43;103m8[0;1;33;93;5;41;101m8[0;1;31;91;47m8[0;35;47m@8[0;1;35;95;5;44;104m@[0;1;34;94;47m@8[0;37;5;44;104m8[0;37;5;45;105m8[0;1;36;96;5;44;104mX[0;37;5;45;105m8[0;1;35;95;5;44;104mS[0;1;34;94;47mX[0;1;35;95;5;44;104m8[0;1;34;94;47m@[0;1;35;95;5;44;104m8[0;1;34;94;47m@[0;1;35;95;5;44;104m8[0;37;5;47;107m8X. [0m
[0;37;5;47;107m  8[0;33;5;41;101m [0;33;5;43;103m.[0;31;5;41;101m [0;37;5;43;103m@[0;33;5;41;101m [0;37;5;43;103mX[0;33;5;41;101m [0;37;5;43;103m8[0;1;35;95;5;41;101m%[0;1;31;91;5;43;103m8[0;1;33;93;5;41;101m@[0;1;31;91;47mX[0;1;31;91;5;43;103m8[0;1;33;93;5;41;101m8[0;1;31;91;47mX[0;1;33;93;5;41;101m88[0;37;5;41;101m8[0;1;30;90;47m8[0;35;47m8[0;1;35;95;5;44;104m8[0;1;34;94;47m8[0;1;35;95;5;44;104m8[0;37;5;44;104m8[0;1;35;95;5;44;104m8[0;37;5;44;104m8[0;1;35;95;5;44;104m8[0;37;5;44;104m8[0;1;34;94;5;45;105m8[0;37;5;44;104m8[0;1;34;94;5;45;105m8[0;37;5;44;104m8[0;1;37;97;47m.[0;37;5;47;107m@.  [0m
[0;37;5;47;107m .S[0;1;31;91;5;43;103m8[0;33;5;41;101m.[0;37;5;43;103mX[0;33;5;41;101m [0;33;5;43;103m [0;31;5;41;101m [0;1;31;91;5;43;103m8[0;1;33;93;5;41;101m8[0;37;5;43;103m8[0;37;5;41;101m8[0;1;31;91;5;43;103m8[0;1;33;93;5;41;101m8[0;1;31;91;47mX[0;1;33;93;5;41;101m88[0;1;31;91;47mX[0;1;33;93;5;41;101m88[0;37;5;41;101m88[0;1;30;90;47m8[0;1;35;95;47m8[0;35;5;44;104m [0;1;35;95;47m@[0;37;5;44;104m8[0;1;35;95;5;44;104m8[0;1;34;94;47mS[0;1;35;95;5;44;104m8[0;1;34;94;47m@[0;1;35;95;5;44;104m8[0;1;37;97;47m [0;37;5;47;107m8:   .[0m
[0;37;5;47;107m  8[0;1;33;93;5;41;101m88[0;33;5;41;101m [0;33;5;43;103m:[0;35;5;41;101m.[0;1;33;93;47m8[0;31;5;41;101m [0;37;5;41;101m8[0;1;33;93;5;41;101m88[0;1;31;91;47mS[0;1;33;93;5;41;101m88[0;1;31;91;47mX[0;1;33;93;5;41;101m8[0;37;5;41;101m8[0;1;33;93;5;41;101m8[0;1;31;91;47m@[0;1;33;93;5;41;101m88[0;33;5;41;101m [0;1;30;90;47m8[0;35;47m8[0;1;35;95;5;44;104m@[0;1;34;94;47m8[0;1;35;95;5;44;104m8[0;37;5;44;104m8[0;1;34;94;5;45;105m8[0;37;5;44;104m8[0;37;5;47;107m8@..    [0m
[0;37;5;47;107m .@[0;1;33;93;5;41;101m8[0;33;5;43;103m.[0;35;5;41;101m:[0;37;5;41;101m8[0;33;5;41;101m [0;1;31;91;5;43;103m8[0;1;33;93;5;41;101m88[0;1;31;91;47m8[0;1;31;91;5;43;103m8[0;1;33;93;5;41;101m8[0;1;31;91;47mX[0;1;33;93;5;41;101m8[0;37;5;41;101m8[0;1;33;93;5;41;101m8[0;37;5;41;101m8[0;1;33;93;5;41;101m8[0;37;5;41;101m8[0;1;33;93;5;41;101m8[0;1;31;91;47m@[0;1;33;93;5;41;101m8[0;33;5;41;101m [0;1;31;91;47mX[0;35;47m8[0;35;5;45;105m [0;37;5;44;104m8[0;1;37;97;47m [0;37;5;47;107m8@;    .  [0m
[0;37;5;47;107m  8[0;33;5;41;101m  [0;37;5;43;103m@[0;33;5;41;101m [0;33;5;43;103m.[0;33;5;41;101m:[0;33;47m8[0;1;33;93;5;41;101mX8[0;37;5;41;101m8[0;1;33;93;5;41;101m8[0;37;5;41;101m8[0;1;33;93;5;41;101m88[0;1;31;91;47mX[0;1;33;93;5;41;101m8[0;37;5;41;101m8[0;1;33;93;5;41;101m8[0;37;5;41;101m8[0;1;33;93;5;41;101mX[0;37;5;41;101m8[0;1;33;93;5;41;101m8[0;33;5;41;101m t[0;1;30;90;47mS[0;37;5;47;107m@ . . .   . [0m
[0;37;5;47;107m  %[0;33;5;43;103m [0;33;5;41;101m.[0;33;5;43;103m.[0;33;5;41;101m:[0;1;31;91;47m8[0;1;33;93;5;41;101m8[0;33;5;41;101m [0;1;31;91;5;43;103m8[0;37;5;41;101m8[0;1;33;93;5;41;101m8[0;1;31;91;47m8[0;1;33;93;5;41;101m8[0;37;5;41;101m8[0;1;33;93;5;41;101m8[0;37;5;41;101m8[0;1;33;93;5;41;101m8[0;37;5;41;101m8[0;1;33;93;5;41;101m@[0;37;5;41;101m8[0;1;33;93;5;41;101mX[0;37;5;41;101m8[0;33;5;41;101m [0;1;33;93;47m8[0;31;5;41;101m [0;33;5;41;101m [0;37;5;41;101m8[0;1;37;97;47mX[0;37;5;47;107m      .   [0m
[0;37;5;47;107m  8[0;33;5;41;101m [0;37;5;43;103m@[0;31;5;41;101m [0;33;5;43;103m.[0;31;5;41;101m [0;33;5;43;103m [0;35;5;41;101m [0;37;5;41;101m8[0;1;33;93;5;41;101m8[0;37;5;41;101m8[0;1;33;93;5;41;101m8[0;37;5;41;101m8[0;1;33;93;5;41;101m8[0;37;5;41;101m8[0;1;33;93;5;41;101m8[0;37;5;41;101m8[0;1;33;93;5;41;101m@[0;37;5;41;101m8[0;1;33;93;5;41;101mX[0;37;5;41;101m8[0;33;5;41;101m [0;1;31;91;47m8[0;33;5;41;101m [0;33;47m8[0;33;5;41;101m  [0;37;5;41;101m8[0;1;35;95;47mS[0;37;5;47;107m:        [0m
[0;37;5;47;107m .X[0;1;33;93;5;41;101m8[0;33;5;41;101m [0;33;47m8[0;31;5;41;101m [0;33;5;41;101m.[0;1;31;91;47m8[0;1;33;93;5;41;101m8[0;33;5;41;101m [0;37;5;43;103m@[0;31;5;41;101m [0;1;31;91;5;43;103m8[0;37;5;41;101m8[0;1;33;93;5;41;101m8[0;37;5;41;101m8[0;1;33;93;5;41;101mX[0;37;5;41;101m8[0;1;33;93;5;41;101mS[0;33;5;41;101m [0;37;5;41;101m8[0;1;33;93;5;41;101m@[0;33;5;41;101m [0;1;33;93;5;41;101m8[0;33;5;41;101m [0;37;5;41;101m8[0;1;33;93;5;41;101m8[0;37;5;41;101m8[0;33;5;41;101m  [0;37;5;41;101m8[0;1;37;97;47m:[0;37;5;47;107m     . [0m
[0;37;5;47;107m  8[0;1;33;93;5;41;101m88[0;33;5;41;101m [0;37;5;43;103m@[0;33;5;41;101m [0;33;5;43;103m [0;35;5;41;101m:[0;33;47m8[0;31;5;41;101m [0;1;33;93;5;41;101m8[0;37;5;41;101m8[0;1;33;93;5;41;101m@[0;37;5;41;101m8[0;1;33;93;5;41;101mX[0;37;5;41;101m8[0;1;33;93;5;41;101mS[0;37;5;41;101m8[0;1;33;93;5;41;101m8[0;33;5;41;101m [0;1;31;91;47m8[0;33;5;41;101m [0;33;47m8[0;33;5;41;101m [0;37;5;41;101m8[0;33;5;41;101m [0;37;5;41;101m8[0;33;5;41;101m [0;1;33;93;47m8[0;31;5;41;101m  [0;1;35;95;47mS[0;37;5;47;107mt     [0m
[0;37;5;47;107m .X[0;1;33;93;5;41;101m8[0;37;5;41;101m8[0;1;31;91;5;43;103m8[0;33;5;41;101m [0;33;47m8[0;31;5;41;101m [0;1;33;93;5;41;101m8[0;33;5;41;101m [0;37;5;43;103m@[0;31;5;41;101m [0;37;5;41;101m@[0;1;33;93;5;41;101m@[0;33;5;41;101m [0;37;5;41;101m8[0;1;33;93;5;41;101m@[0;33;5;41;101m [0;37;5;41;101m8[0;33;5;41;101m [0;1;33;93;47m8[0;31;5;41;101m [0;37;5;41;101m8[0;33;5;41;101m [0;37;5;43;103m8[0;31;5;41;101m [0;37;5;41;101m8[0;33;5;41;101m [0;1;31;91;47m8[0;31;5;41;101m [0;37;5;41;101m8[0;33;5;41;101m  [0;1;31;91;47m@[0;37;5;47;107m8    [0m
[0;37;5;47;107m   @[0;1;33;93;47m8[0;33;5;41;101m [0;37;5;43;103mX[0;31;5;41;101m [0;1;33;93;5;41;101m8[0;1;31;91;47m8[0;33;5;41;101m  [0;37;5;43;103m8[0;31;5;41;101m [0;37;5;41;101m8[0;1;33;93;5;41;101m8[0;33;5;41;101m [0;1;31;91;47m8[0;1;33;93;5;41;101m8[0;33;5;41;101m [0;1;31;91;47m8[0;31;5;41;101m [0;33;5;41;101m [0;37;5;43;103m8[0;31;5;41;101m [0;35;5;41;101m [0;37;5;41;101m8[0;33;5;41;101m [0;1;33;93;47m8[0;31;5;41;101m [0;33;5;41;101m.[0;37;5;41;101m8[0;33;5;41;101m [0;1;33;93;47m8[0;31;5;41;101m  [0;1;37;97;47m [0;37;5;47;107m@  [0m
