7a74G7m23Vrp0o5c9175161.591.54
-1,2,-94,-100,
Mozilla/5.0 (Macintosh; Intel Mac OS X 10_15_4) AppleWebKit/537.36 (KHTML, like Gecko) Chrome/83.0.4103.97 Safari/537.36,uaend,12147,20030107,en-US,Gecko,2,0,0,0,391778,6411941,1920,1177,1920,1200,1920,1070,1920,,cpen:0,i1:0,dm:0,cwen:0,non:1,opc:0,fc:0,sc:0,wrc:1,isc:0,vib:1,bat:1,x11:0,x12:1,8921,0.423262959211,796143205970.5,loc:
-1,2,-94,-101,
do_en,dm_en,t_en
-1,2,-94,-105,

-1,2,-94,-102,

-1,2,-94,-108,
0,1,1810,93,0,2,-1;1,1,1834,18,0,3,-1;2,1,2294,73,0,3,-1;3,2,2458,93,0,1,-1;4,2,2471,18,0,0,-1;
-1,2,-94,-110,
0,1,328,672,28;1,1,343,719,169;2,1,547,545,350;3,1,598,474,259;4,1,610,474,259;5,1,628,498,253;6,1,649,537,246;7,1,660,614,243;8,1,742,1172,367;9,1,760,1233,389;10,1,777,1246,402;11,1,793,1232,417;12,1,810,1211,435;13,1,827,1188,463;14,1,844,1180,477;15,1,861,1176,483;16,1,877,1171,485;17,1,895,1165,485;18,1,915,1157,484;19,1,927,1142,480;20,1,945,1119,475;21,1,961,1093,471;22,1,977,1072,473;23,1,995,1055,480;24,1,1011,1052,482;25,1,1028,1053,482;26,1,1045,1053,482;27,1,1062,1053,482;28,1,1094,1053,481;29,1,1111,1050,473;30,1,1128,1036,452;31,1,1144,1017,427;32,1,1161,998,400;33,1,1177,980,368;34,1,1195,966,343;35,1,1216,957,324;36,1,1228,956,322;37,1,1328,957,322;38,1,1345,959,322;39,1,1361,969,327;40,1,1378,972,336;
-1,2,-94,-117,

-1,2,-94,-111,
0,172,-1,-1,-1;
-1,2,-94,-109,
0,172,-1,-1,-1,-1,-1,-1,-1,-1,-1;
-1,2,-94,-114,

-1,2,-94,-103,

-1,2,-94,-112,
https://www.yeezysupply.com/
-1,2,-94,-115,
11184,95298,32,172,172,0,106793,3384,0,1592286411941,22,17033,5,41,2838,0,0,3385,49492,0,8FEDF8449CEACE1BF8C3E75E1CF75234~-1~YAAQhN3tzAxM8ZtyAQAA64OquwRiym1cYaQ/8EKRsHqpXLsUC3EpaxSLUEK06U+6sIRfkBUCLMtUzYacg2+EvliFWKsLGcAsIavHlLSHz+VD8isVTAsqBus2CfC7rQLUel0JwgMPMzayLFMYYWCUKG5BV06FnUU+k/TNxfX4nBnUHRl+XMqKe1k79K2UpY/mx3je8egGn+SopkzSyNLfEE/BoZWHArThq3ZUKvPmhuHmxlow/LCByBeg9iKvJz7el73303T/FWG8p0YMdMLWIBk3rDCML6v83Tjpwvnv6EhbY6o93WL4HgGrDF8Cd1xVcr9FTUgsQS+5hEPo8loWiTRvew1uZGBwpg==~0~1-mmTyVwXKGX-10000-100-3000-1||1-iOsObiqhpi-500-100-3000-2||~-1,37178,316,-512798687,NUlO,124,-1,30261693
-1,2,-94,-106,
8,2
-1,2,-94,-119,
30,36,37,38,63,63,44,10,13,7,6,6,11,443,
-1,2,-94,-122,
0,0,0,0,1,0,0
-1,2,-94,-123,

-1,2,-94,-124,
0.b509cc3a8108b,0.2fed360afcb0d,0.18eb54c00321c,0.e6164ff0b0c44,0.60b400bef24e,0.54d42ddfa279a,0.749b72f631ab,0.a21cf70d651f8,0.dd68871759d2d,0.f134384d709e3;90,3,8,8,23,3,32,1,3,15;867,152,388,393,900,150,1507,48,111,723;8FEDF8449CEACE1BF8C3E75E1CF75234,1592286411941,iOsObiqhpi,8FEDF8449CEACE1BF8C3E75E1CF752341592286411941iOsObiqhpi,500,500,0.b509cc3a8108b,8FEDF8449CEACE1BF8C3E75E1CF752341592286411941iOsObiqhpi5000.b509cc3a8108b,72,131,19,176,74,23,119,9,165,229,164,82,24,224,141,171,255,132,225,85,255,228,199,2,13,159,220,234,223,122,92,148;
-1,2,-94,-126,

-1,2,-94,-127,
11321144041300043122
-1,2,-94,-70,
765962706;1030022722;dis;,7;true;true;true;420;true;24;24;true;false;-1
-1,2,-94,-80,
5376
-1,2,-94,-116,
96179187
-1,2,-94,-118,
164492
-1,2,-94,-121,
;5;9;0
